HOST='127.0.0.1'
PORT=8800
REDIS_URL='192.168.50.165'
REDIS_PORT=6379
MYSQL=False
BASE_MYSQL='mysql+pymysql://root:123456@localhost:3306/standard'
FILE_PATH='C:/Users/13090/Desktop/data/'

STATION= 0, 0, 0, 739,    1605.4, 1209.6, 1082.2, 1130.4, 1413.2, 1892.3, 1224,   1546.6, 0 
#UP     1   2  3  4      5        6      7        8         9    10      11      12 
# STATION_DL= 0, 0, 0, 0, 1593.4,1207.6,1091.2,   1153.4,1407.2,  1890.3, 1218,   1552.6, 0 
STATION_DL= 0, 0, 0, 739, 1593,   1207,   1091,   1153,    1407, 1890,   1218,  1552,   0 
#Down       1   2  3  4  5        6      7        8         9       10      11      12 
#max ul dl
# STATION= ' 0, 0, 0,0,1605.4,1209.6,1082.8,1130.4,1413.2,1891.3,1224,1546.1,1228'
# STATION= '0,0, 0, 0, 1605.5,1209.6,1091.2,1153.5,3313.3,1224,1552.6,0'+